kat = 0
a = [
1  0  0  0;  0  1  0  0; 0  0  1  0; 0 0 0 1
]
b= [
   0.997886  -0.0641096  -0.0106341  0.00158766
  0.0637284    0.997422   -0.032978  0.00230069
  0.0127209   0.0322306    0.999399 0.000570999
          0           0           0           1
]
 m = b * a;
m = b* a;
atan2d(m(2,1),m(1,1))
sqrt(m(1,4)^2+m(2,4)^2+m(3,4)^2)

kat = 5
a = [
0.996201  -0.0870895  0  0;  0.0870895  0.996201  0  0;  0  0  1  0; 0 0 0 1
]
b= [
 0.246618   0.00695463    -0.968836 -0.000427469
    -0.95134     0.187574     0.244492   -0.0103762
    0.183427     0.982232   -0.0398302    0.0128111
           0            0            0            1
]
 m = b * a;
atan2d(m(2,1),m(1,1))
sqrt(m(1,4)^2+m(2,4)^2+m(3,4)^2)

kat = 10
a = [
0.9849  -0.173123  0  0;  0.173123  0.9849  0  0;  0  0  1  0; 0 0 0 1
]
b= [
   -0.247618   0.00695463    -0.968836 -0.000427469
    -0.95134     0.187574     0.244492   -0.0103762
    0.183427     0.982232   -0.0398302    0.0128111
           0            0            0            1
]
 m = b * a;
atan2d(m(2,1),m(1,1))
sqrt(m(1,4)^2+m(2,4)^2+m(3,4)^2)

kat = 30
a = [
0.866325  -0.499481  0  0;  0.499481  0.866325  0  0;  0  0  1  0; 0 0 0 1
]
b= [
    0.868267     0.492989   -0.0555269 -0.000245975
   -0.483905     0.866262     0.124238  0.000158618
    0.109348   -0.0810016     0.990704   -0.0021927
           0            0            0            1
]
 m = b * a;
atan2d(m(2,1),m(1,1))
sqrt(m(1,4)^2+m(2,4)^2+m(3,4)^2)

kat = 90
a = [
0.000796327  -1  0  0;  1  0.000796327  0  0;  0  0  1  0; 0 0 0 1
]
b= [
-0.409998  -0.87672 -0.251548  0.658401
-0.136449  0.331647 -0.933488 -0.213939
 0.901831 -0.348401 -0.255599  0.891986
        0         0         0         1
]
 m = b * a;
atan2d(m(2,1),m(1,1))
sqrt(m(1,4)^2+m(2,4)^2+m(3,4)^2)

l = 0.001
a = [
1  0  0  0.001;  0  1  0  0; 0  0  1  0; 0 0 0 1
]
b= [
           1   0.00019187   0.00119392  1.21448e-05
-0.000191251            1 -0.000494379 -4.24371e-05
 -0.00119401  0.000494149     0.999999  0.000182886
           0            0            0            1
]
 m = b * a;
atan2d(m(2,1),m(1,1))
sqrt(m(1,4)^2+m(2,4)^2+m(3,4)^2)

l = 0.002
a = [
1  0  0  0.002;  0  1  0  0; 0  0  1  0; 0 0 0 1
]
b= [
  0.610833 -0.0428564   0.790602   0.191353
  0.322886   0.925217  -0.199314  -0.197545
 -0.722934   0.377022   0.578988   0.116702
         0          0          0          1
]
 m = b * a;
atan2d(m(2,1),m(1,1))
sqrt(m(1,4)^2+m(2,4)^2+m(3,4)^2)

l = 0.01
a = [
1  0  0  0.01;  0  1  0  0; 0  0  1  0; 0 0 0 1
]
b= [
  0.199353   0.791478  -0.577783     1.1106
  0.291569   -0.61082  -0.736138   -4.14023
 -0.935553 -0.0217132  -0.352538   -1.72046
         0          0          0          1
]
 m = b * a;
atan2d(m(2,1),m(1,1))
sqrt(m(1,4)^2+m(2,4)^2+m(3,4)^2)

l = 0.05
a = [
1  0  0  0.05;  0  1  0  0; 0  0  1  0; 0 0 0 1
]
b= [
0.732479  -0.338864   0.590471  -0.040366
  0.416424   0.909161 0.00518305 -0.0227585
 -0.538587   0.242089   0.807049  0.0309282
         0          0          0          1
]
 m = b * a;
atan2d(m(2,1),m(1,1))
sqrt(m(1,4)^2+m(2,4)^2+m(3,4)^2)
