kat = 0
m= [
0.999971 -0.00432924 -0.00631118 0.000217683
 0.00434765    0.999986  0.00290647 -0.00247043
 0.00629851 -0.00293382    0.999976 -0.00133582
          0           0           0           1
          ]
atan2d(m(2,1),m(1,1))
sqrt(m(1,4)^2+m(2,4)^2+m(3,4)^2)

kat = 5
m= [
0.999852     0.014395  -0.00937148    0.0023466
  -0.0143918     0.999896  0.000403584   0.00346027
  0.00937632 -0.000268652     0.999956  -0.00282633
           0            0            0            1
          ]
atan2d(m(2,1),m(1,1))
sqrt(m(1,4)^2+m(2,4)^2+m(3,4)^2)

kat = 10
m= [
0.999998   0.00126891  -0.00142882  0.000915271
 -0.00131426     0.999481    -0.032199   0.00642722
  0.00138722    0.0322008      0.99948 -0.000910488
           0            0            0            1
          ]
atan2d(m(2,1),m(1,1))
sqrt(m(1,4)^2+m(2,4)^2+m(3,4)^2)

kat = 30
m= [
0.999938  -0.0062736 -0.00920211  0.00158155
  0.0062132    0.999959 -0.00657765 -0.00123037
   0.009243  0.00652007    0.999936 -0.00267977
          0           0           0           1
          ]
atan2d(m(2,1),m(1,1))
sqrt(m(1,4)^2+m(2,4)^2+m(3,4)^2)

kat = 90
m= [
0.999126  -0.0382072   0.0169511 -0.00359068
  0.0386052    0.998971  -0.0238084 -0.00783193
  -0.016024    0.024442    0.999573  0.00554594
          0           0           0           1
          ]
atan2d(m(2,1),m(1,1))
sqrt(m(1,4)^2+m(2,4)^2+m(3,4)^2)

l = 0.001
m= [
0.999707   0.0096776  -0.0221838  0.00356417
 -0.0091489    0.999675   0.0238115 -0.00149175
   0.022407  -0.0236016     0.99947 -0.00676192
          0           0           0           1
          ]
atan2d(m(2,1),m(1,1))
sqrt(m(1,4)^2+m(2,4)^2+m(3,4)^2)

l = 0.002
m= [
0.999824  0.00369434  -0.0184055  0.00351404
-0.00380016    0.999976 -0.00571762  0.00230772
  0.0183839  0.00578656    0.999814 -0.00318589
          0           0           0           1
          ]
atan2d(m(2,1),m(1,1))
sqrt(m(1,4)^2+m(2,4)^2+m(3,4)^2)

l = 0.01
m= [
0.999975   0.00669613   0.00235882 -6.28558e-05
 -0.00670837     0.999964   0.00521975   0.00251088
 -0.00232378  -0.00523544     0.999984   0.00131117
           0            0            0            1
          ]
atan2d(m(2,1),m(1,1))
sqrt(m(1,4)^2+m(2,4)^2+m(3,4)^2)

l = 0.05
m= [
0.999696  -0.0224963  -0.0100819  0.00164704
  0.0223933    0.999697  -0.0102136 -0.00476824
  0.0103086  0.00998474    0.999897 -0.00379184
          0           0           0           1
          ]
atan2d(m(2,1),m(1,1))
sqrt(m(1,4)^2+m(2,4)^2+m(3,4)^2)
